000000000011111111110000000000000000000011111111110000000000
000000000011111111110000000000000000000011111111110000000000
000000111111111100000000000000001111111111000000000000000000
000011111111110000000000000011111111110000000000000000000000
000111111111100000000000001111111111000000000000000000000000
001111111111000000000000011111111110000000000000000000000000
011111111110000000000001111111110000000000000000000000000000
111111111100000000000011111111100000000000000000000000000000
111111111000000000000111111110000000000000000000000000000000
111111110000000000001111111000000000000000000000000000000000
111111100000000000011111100000000000000000000000000000000000
111111000000000000111110000000000000000000000000000000000000
111110000000000001111000000000000000000000000000000000000000
111100000000000011100000000000000000000000000000000000000000
111000000000000110000000000000000000000000000000000000000000
110000000000001100000000000000000000000000000000000000000000
1000000000000110000000000000000000000000000000000000000000000
0000000000001100000000000000000000000000000000000000000000000
0000000000011000000000000000000000000000000000000000000000000
0000000000110000000000000000000000000000000000000000000000000
0000000001100000000000000000000000000000000000000000000000000
0000000011000000000000000000000000000000000000000000000000000
0000000110000000000000000000000000000000000000000000000000000
0000001100000000000000000000000000000000000000000000000000000
0000011000000000000000000000000000000000000000000000000000000
0000110000000000000000000000000000000000000000000000000000000
0001100000000000000000000000000000000000000000000000000000000
0011000000000000000000000000000000000000000000000000000000000
0110000000000000000000000000000000000000000000000000000000000
1100000000000000000000000000000000000000000000000000000000000
000000000011111111110000000000000000000011111111110000000000
000000000011111111110000000000000000000011111111110000000000
000000111111111100000000000000001111111111000000000000000000
000011111111110000000000000011111111110000000000000000000000
000111111111100000000000001111111111000000000000000000000000
001111111111000000000000011111111110000000000000000000000000
011111111110000000000001111111110000000000000000000000000000
111111111100000000000011111111100000000000000000000000000000
111111111000000000000111111110000000000000000000000000000000
111111110000000000001111111000000000000000000000000000000000
111111100000000000011111100000000000000000000000000000000000
111111000000000000111110000000000000000000000000000000000000
111110000000000001111000000000000000000000000000000000000000
111100000000000011100000000000000000000000000000000000000000
111000000000000110000000000000000000000000000000000000000000
110000000000001100000000000000000000000000000000000000000000
1000000000000110000000000000000000000000000000000000000000000
0000000000001100000000000000000000000000000000000000000000000
0000000000011000000000000000000000000000000000000000000000000
0000000000110000000000000000000000000000000000000000000000000
0000000001100000000000000000000000000000000000000000000000000
0000000011000000000000000000000000000000000000000000000000000
0000000110000000000000000000000000000000000000000000000000000
0000001100000000000000000000000000000000000000000000000000000
0000011000000000000000000000000000000000000000000000000000000
0000110000000000000000000000000000000000000000000000000000000
0001100000000000000000000000000000000000000000000000000000000
0011000000000000000000000000000000000000000000000000000000000
0110000000000000000000000000000000000000000000000000000000000
1100000000000000000000000000000000000000000000000000000000000