1010101010101010
0101010101010101
1111000011110000
0000111100001111
1100110011001100
0011001100110011
1010010110100101
0101101001011010
1111111100000000
0000000011111111
1111000000001111
0101010101010101
1010101010101010
0011001100110011
1100110011001100
0000000011111111
1111111100000000
0101010110101010
1010101001010101
1111111111111111
0000000000000000
1111000011110000
0000111100001111
1111111111111111
0000000000000000
1010101010101010
0101010101010101
1111111100000000
0000000011111111
1111000000001111